Matriz Leitos

T = 20
7 dias = [[0.95484323 0.04515677],
 	   [0.05480517 0.94519483]]

MATRIZ EMISSÃO
[0.88631442 0.11368558]
[0.04524197 0.95475803]

INF1[3.2153674067047664e-07, 3.2153674067047664e-07, 3.2153674067047664e-07, 3.2153674067047664e-07, 3.2153674067047664e-07, 0.0005573821490774044, 0.003352423929103762, 0.009123191435249159, 0.019923573751824686]    

INF2[0.025247916851779947, 0.013764379350048293, 0.0072207448766653266, 0.0023192393542044686, 0.00024564135317668365, 3.2153674067047664e-07, 3.2153674067047664e-07, 3.2153674067047664e-07, 3.2153674067047664e-07]   

Prob1: [0.999986174015731, 0.999986174015731, 0.999986174015731, 0.999986174015731, 0.999986174015731, 0.9763175055480603, 0.8657542133974584, 0.6755033031126735, 0.4245550195727587]

Prob2: [0.11402690504656007, 0.3061326959585165, 0.5374153286978179, 0.8191774233518705, 0.9790964167442712, 0.9999723482226198, 0.9999723482226198, 0.9999723482226198, 0.9999723482226198]

RAIZ: 0.548


T = 10
14 dias = [0.87992431 0.12007569]
 	    [0.10459513 0.89540487]

MATRIZ EMISSÃO
[9.99988352e-01 1.16478470e-05]
[3.99469404e-02 9.60053060e-01]

INF1[5.036729681430984e-06, 5.036729681430984e-06, 5.036729681430984e-06, 5.036729681430984e-06, 0.0007506220802934024, 0.006083380113599275, 0.017012073339814446, 0.03510223788280136, 0.06524857330604304]

INF2[0.04373821662578947, 0.020303152891463686, 0.008310804653668291, 0.0011075090900542189, 5.036729681430984e-06, 5.036729681430984e-06, 5.036729681430984e-06, 5.036729681430984e-06, 5.036729681430984e-06]

Prob1: [0.9997834440753185, 0.9997834440753185, 0.9997834440753185, 0.9997834440753185, 0.9682385854984159, 0.7698301715533535, 0.48117745210721463, 0.22104339727972364, 0.06046511739805385]

Prob2: [0.023249151788765583, 0.17445801837440417, 0.48932460285326346, 0.9091494546666015, 0.9995669350471056, 0.9995669350471056, 0.9995669350471056, 0.9995669350471056, 0.9995669350471056]

RAIZ: 0.465
____________________________________________________________________________________________________________________________________________________________________________________________________________________________________
